Reacher2Dof-v0:
  batch_size: 64
  buffer_size: 1000000
  gamma: 0.9
  lr: 0.0003898825700552081
  n_timesteps: 1000000.0
  noise_std: 0.04635886587664062
  noise_type: normal
  policy: MlpPolicy
  train_freq: 1000
