batch_size: 64
buffer_size: 1000000
gamma: 0.9
lr: 0.0003898825700552081
noise_std: 0.04635886587664062
noise_type: normal
train_freq: 1000
